10
10
10
10
10
10
10
10
10
10
10
10
10
10
10
10
10
10
10
10
10
10
10
10
10
10
10
10
10
10
10
10
10
12
18
25
26
41
31
10
15
15
22
31
11
16
11
17
26
26
26
26
26
26
26
26
26
26
11
11
31
31
31
21
37
30
28
28
33
25
24
32
32
13
19
28
24
40
33
33
27
33
27
25
25
32
28
42
28
27
27
15
17
15
31
26
16
24
28
22
28
25
15
28
28
12
13
24
12
41
28
27
28
28
17
20
17
27
24
37
24
24
22
15
13
15
31
10
26
10
11
26
19
46
46
46
16
46
25
13
44
10
27
10
10
11
11
19
19
15
26
52
16
31
20
13
42
10
22
27
10
12
26
26
26
26
13
46
46
35
18
22
31
31
22
16
46
46
16
16
46
28
46
11
16
13
18
22
39
39
39
21
30
30
30
30
30
30
39
28
25
25
25
25
13
13
13
13
33
33
33
33
33
33
33
46
33
32
32
32
32
27
27
28
24
24
24
24
24
24
38
22
25
25
25
25
12
12
12
12
27
28
27
27
27
27
27
46
27
27
27
27
27
24
28
24
