27
27
27
27
27
27
27
27
27
27
27
27
27
27
27
27
27
27
27
27
27
27
27
27
27
27
27
27
27
27
27
27
19
13
22
27
25
51
41
10
13
13
23
29
13
30
13
20
38
20
28
28
30
25
30
28
33
30
13
13
29
29
29
15
49
43
35
41
46
30
30
43
48
20
28
43
33
56
48
46
33
48
41
25
38
46
43
59
48
43
35
18
20
20
25
27
18
43
35
41
46
30
30
43
48
20
28
43
33
56
48
46
33
48
41
25
38
46
43
59
48
43
35
25
11
25
35
27
38
27
13
32
23
51
23
23
18
63
25
13
54
27
27
27
27
13
13
23
23
19
30
61
18
52
25
13
54
27
27
43
19
13
23
25
35
43
11
23
18
40
17
20
38
30
40
27
21
29
17
17
18
31
24
11
18
17
17
20
32
32
32
15
43
43
43
43
43
43
51
41
30
30
30
30
20
20
20
20
46
48
46
46
46
46
46
35
46
46
46
46
46
43
33
27
43
43
43
43
43
43
51
41
30
30
30
30
20
20
20
20
46
48
46
46
46
46
46
29
46
46
46
46
46
43
33
43
