#############################################################################                                                                 
GO_LASER, -245.0,  260.0, 0.0, 1.0, 0.0, 170.0, 10.0, 7.5, -100, 270.0, 0.0
#Top L
GO_LEVER,-252.5,  190.0, 0.0, 1.0, 0.0, 186.0, 10.0, 7.5, -255, 105.0, 0.0
#Top R
GO_LEVER,-105.0,  190.0, 0.0, 1.0, 0.0, 100.0, 10.0, 7.5, -255, 105.0, 0.0
#Separator
GO_BBTN, -70.0,  75.0, 0.0, 1.0, 0.0, 30.0, 10.0, 7.5, -200, 40.0, 0.0
#Lower
GO_LEVER, -135.0,  50.0, 0.0, 0.0, 1.0, 47.5, 10.0, 7.5, -160, -25.0, 0.0
#Teleporter
GO_TELEPORTER, 137.5, 60.0, 0.0, 0.0, 1.0, 47.5, 10.0, 7.5, -325.0,  -20.0, 0.0